

                8888888      8888886             688888     8888888888
             688888888888    88888888886      888888888888  8888888888
            8888      88     888     88888  88886     888   8888
           8888              888      6888  888             8888
           6886    68888888  888       888 6888             8888888888
           6886    68888888  888       888 8888             8888888888
            8886       8886  888      8888  6888      888   8888
             8888868688886   888888888886    6888868888888  8888888888
               888888886     8888888888        688888888    8888888888
